0	0
0	1
0	2
0	3
0	4
0	5
0	6
0	7
0	8
0	9
0	10
0	11
0	12
0	13
0	14
0	15
0	16
0	17
0	18
0	19
0	20
0	21
0	22
0	23
0	24
0	25
0	26
0	27
0	28
0	29
0	30
0	31
0	32
0	33
0	34
0	35
0	36
0	37
0	38
0	39
0	40
0	41
0	42
0	43
0	44
0	45
0	46
0	47
0	48
0	49
0	50
0	51
0	52
0	53
0	54
0	55
0	56
0	57
0	58
0	59
0	60
0	61
0	62
0	63
0	64
0	65
0	66
0	67
0	68
0	69
0	70
0	71
0	72
0	73
0	74
0	75
0	76
0	77
0	78
0	79
0	80
0	81
0	82
0	83
0	84
0	85
0	86
0	87
0	88
0	89
0	90
0	91
0	92
0	93
0	94
0	95
0	96
0	97
0	98
0	99
0	100
0	101
0	102
0	103
0	104
0	105
0	106
0	107
0	108
0	109
0	110
0	111
0	112
0	113
0	114
0	115
0	116
0	117
0	118
0	119
0	120
0	121
0	122
0	123
0	124
0	125
0	126
0	127
0	128
0	129
0	130
0	131
0	132
0	133
0	134
0	135
0	136
0	137
0	138
0	139
0	140
0	141
0	142
0	143
0	144
0	145
0	146
0	147
0	148
0	149
0	150
0	151
0	152
0	153
0	154
0	155
0	156
0	157
0	158
0	159
0	160
0	161
0	162
0	163
0	164
0	165
0	166
0	167
0	168
0	169
0	170
0	171
0	172
0	173
0	174
0	175
0	176
0	177
0	178
0	179
0	180
0	181
0	182
0	183
0	184
0	185
0	186
0	187
0	188
0	189
0	190
0	191
0	192
0	193
0	194
0	195
0	196
0	197
0	198
0	199
0	200
0	201
0	202
0	203
0	204
0	205
0	206
0	207
0	208
0	209
0	210
0	211
0	212
0	213
0	214
0	215
0	216
0	217
0	218
0	219
0	220
0	221
0	222
0	223
0	224
0	225
0	226
0	227
0	228
0	229
0	230
0	231
0	232
0	233
0	234
0	235
0	236
0	237
0	238
0	239
0	240
0	241
0	242
0	243
0	244
0	245
0	246
0	247
0	248
0	249
0	250
0	251
0	252
0	253
0	254
0	255
0	256
0	257
0	258
0	259
0	260
0	261
0	262
0	263
0	264
0	265
0	266
1	0
1	2
1	8
1	11
1	16
1	269
1	18
1	22
1	24
1	26
1	32
1	378
1	38
1	39
1	47
1	49
1	379
1	52
1	380
1	381
1	382
1	383
1	71
1	72
1	73
1	290
1	86
1	384
1	91
1	102
1	385
1	106
1	108
1	386
1	300
1	387
1	388
1	389
1	390
1	126
1	391
1	392
1	128
1	393
1	132
1	394
1	133
1	136
1	395
1	396
1	397
1	398
1	146
1	399
1	400
1	161
1	168
1	171
1	401
1	402
1	403
1	404
1	405
1	406
1	407
1	408
1	409
1	188
1	410
1	411
1	412
1	413
1	414
1	212
1	415
1	215
1	416
1	417
1	418
1	419
1	420
1	421
1	422
1	423
1	235
1	424
1	425
1	240
1	426
1	255
1	427
1	428
1	429
1	430
2	0
2	1
2	20
2	431
2	432
2	433
2	434
2	435
2	436
2	437
2	438
2	405
2	439
2	440
2	441
2	442
2	424
2	443
2	444
2	445
2	446
2	447
2	448
2	449
2	450
2	451
2	452
2	453
2	454
2	428
2	455
2	456
2	457
2	458
3	0
3	459
3	8
3	10
3	30
3	38
3	284
3	460
3	461
3	462
3	463
3	464
3	465
3	466
3	467
3	435
3	468
3	469
3	470
3	471
3	472
3	473
3	474
3	475
3	476
3	477
3	439
3	410
3	478
3	479
3	480
3	481
3	482
3	483
3	440
3	484
3	441
3	485
3	486
3	487
3	488
3	489
3	490
3	491
3	492
3	493
3	494
3	495
3	496
3	497
3	498
3	499
3	500
3	501
3	502
3	503
3	504
3	454
3	505
3	506
3	507
3	508
3	509
3	510
3	511
3	512
3	513
3	514
3	515
3	516
3	517
3	518
3	519
3	520
3	521
3	522
3	523
3	524
3	525
3	526
3	527
3	528
3	529
3	530
3	531
3	532
3	533
3	534
3	535
3	536
3	537
3	538
3	539
3	540
3	541
3	542
3	543
3	544
3	545
4	0
4	1
4	2
4	459
4	8
4	11
4	19
4	588
4	20
4	24
4	25
4	26
4	589
4	30
4	31
4	35
4	38
4	43
4	590
4	546
4	71
4	591
4	80
4	96
4	592
4	106
4	108
4	461
4	593
4	431
4	118
4	119
4	122
4	123
4	125
4	462
4	594
4	432
4	464
4	595
4	555
4	596
4	597
4	466
4	598
4	599
4	434
4	600
4	467
4	435
4	152
4	468
4	469
4	470
4	601
4	472
4	602
4	603
4	162
4	436
4	474
4	604
4	562
4	437
4	475
4	605
4	606
4	438
4	181
4	184
4	405
4	607
4	608
4	439
4	410
4	609
4	478
4	201
4	479
4	480
4	482
4	483
4	440
4	484
4	441
4	486
4	487
4	488
4	610
4	611
4	490
4	491
4	492
4	493
4	494
4	612
4	613
4	496
4	216
4	497
4	614
4	498
4	499
4	500
4	615
4	442
4	616
4	617
4	501
4	618
4	619
4	620
4	424
4	621
4	622
4	443
4	623
4	444
4	445
4	446
4	447
4	448
4	449
4	624
4	625
4	247
4	502
4	503
4	504
4	451
4	452
4	453
4	454
4	253
4	505
4	506
4	507
4	508
4	626
4	627
4	628
4	629
4	630
4	509
4	510
4	511
4	512
4	513
4	631
4	632
4	515
4	516
4	259
4	428
4	455
4	456
4	457
4	518
4	519
4	458
4	520
4	521
4	522
4	523
4	524
4	525
4	526
4	527
4	528
4	529
4	530
4	531
4	532
4	533
4	534
4	535
4	536
4	537
4	538
4	539
4	540
4	541
4	542
4	543
4	544
4	545
5	267
5	5
5	633
5	634
5	635
6	0
6	267
6	2
6	3
6	5
6	8
6	10
6	12
6	14
6	23
6	272
6	636
6	277
6	38
6	637
6	54
6	282
6	290
6	638
6	639
6	640
6	340
6	345
6	354
6	641
6	580
6	227
7	0
7	2
7	3
7	5
7	6
7	8
7	10
7	14
7	269
7	23
7	24
7	270
7	589
7	38
7	642
7	379
7	643
7	644
7	286
7	289
7	293
7	548
7	550
7	298
7	299
7	645
7	389
7	646
7	307
7	647
7	648
7	649
7	377
7	650
8	3
8	4
8	5
8	6
8	16
8	18
8	276
8	38
8	283
8	80
8	321
8	651
8	652
8	199
8	653
8	654
8	225
8	226
8	655
8	656
9	9
9	66
9	657
10	0
10	267
10	6
10	275
10	636
10	658
10	659
10	283
10	65
10	660
10	661
10	592
10	662
10	108
10	651
10	663
10	664
11	0
11	5
11	6
11	16
11	33
11	275
11	38
11	43
11	659
11	61
11	665
11	366
11	367
11	368
12	0
12	5
12	278
12	666
13	0
13	5
13	12
13	677
13	308
13	678
13	679
13	680
13	681
14	5
14	11
14	29
14	283
14	58
14	65
14	83
15	682
15	69
15	81
15	498
16	0
16	2
16	3
16	5
16	8
16	10
16	12
16	14
16	269
16	23
16	721
16	277
16	39
16	643
16	54
16	288
16	385
16	295
16	112
16	722
16	403
16	178
16	652
16	237
16	723
16	583
17	0
17	2
17	3
17	5
17	6
17	7
17	8
17	10
17	11
17	14
17	18
17	275
17	37
17	38
17	283
17	61
17	102
17	300
17	726
17	311
17	336
17	345
17	351
17	741
17	213
17	742
17	743
17	369
17	370
17	373
17	375
17	744
18	0
18	8
18	16
18	17
18	24
18	26
18	644
18	745
18	746
18	100
18	385
18	461
18	747
18	595
18	395
18	555
18	600
18	748
18	749
18	750
18	751
18	752
18	470
18	601
18	562
18	401
18	753
18	606
18	607
18	754
18	212
18	755
18	756
18	223
18	616
18	617
18	757
18	758
18	759
18	618
18	619
18	760
18	625
18	626
18	627
18	628
18	629
18	630
19	0
19	4
19	35
19	381
19	593
19	761
19	610
20	0
20	588
20	591
20	466
20	611
20	783
21	5
21	281
21	643
21	288
22	10
22	14
22	269
22	372
23	5
23	6
23	271
23	784
23	287
24	0
24	5
24	8
24	277
25	2
25	5
25	6
25	7
25	8
25	10
25	11
25	14
25	29
25	34
25	38
25	50
25	382
25	785
25	786
25	326
25	353
25	787
25	788
25	221
26	4
26	6
26	18
26	23
26	642
26	48
26	643
26	790
26	791
26	792
26	225
26	226
27	7
27	10
27	14
27	322
27	730
28	5
28	6
28	8
28	10
28	11
28	14
28	17
28	19
28	23
28	24
28	49
28	68
28	111
28	335
28	340
28	348
28	800
28	361
28	615
28	374
29	0
29	2
29	3
29	17
29	38
29	381
29	804
29	805
29	155
29	806
29	807
29	808
29	809
29	810
29	811
29	812
29	813
29	814
29	815
29	816
29	817
29	818
29	819
29	820
29	821
29	822
29	823
29	824
29	825
29	826
29	827
30	2
30	3
30	4
30	5
30	6
30	8
30	38
30	84
30	832
30	203
31	10
31	83
33	10
33	272
33	277
33	54
33	835
33	836
33	837
33	838
34	0
34	7
34	8
34	10
34	11
34	14
34	16
34	25
34	839
34	803
34	840
34	727
34	328
34	841
34	365
35	843
37	6
37	17
37	67
37	848
37	748
38	0
38	1
38	2
38	459
38	4
38	8
38	10
38	19
38	22
38	30
38	43
38	46
38	48
38	284
38	546
38	460
38	549
38	461
38	431
38	462
38	463
38	466
38	434
38	468
38	469
38	852
38	471
38	472
38	436
38	604
38	437
38	475
38	476
38	438
38	477
38	405
38	439
38	410
38	478
38	479
38	480
38	481
38	482
38	483
38	440
38	484
38	441
38	486
38	490
38	491
38	500
38	442
38	501
38	623
38	444
38	445
38	447
38	448
38	624
38	450
38	502
38	503
38	451
38	452
38	453
38	454
38	505
38	506
38	507
38	510
38	512
38	513
38	632
38	514
38	515
38	516
38	517
38	428
38	455
38	456
38	457
38	518
38	519
38	458
38	520
38	521
38	522
38	523
38	524
38	525
38	526
38	527
38	528
38	529
38	530
38	531
38	532
38	533
38	534
38	535
38	536
38	537
38	538
38	539
38	540
38	541
38	542
38	543
38	544
38	545
39	0
39	2
39	3
39	22
39	38
39	857
39	178
39	844
40	6
40	12
40	17
40	858
40	859
40	294
40	662
40	773
41	8
41	11
42	860
43	2
43	3
43	4
43	38
43	86
43	135
44	21
44	47
44	60
44	93
44	115
44	163
45	2
45	7
45	20
45	861
45	38
45	380
45	647
45	468
45	862
46	19
46	29
46	31
46	83
47	5
47	12
47	40
47	44
47	643
47	288
47	204
48	5
48	6
48	10
48	11
48	14
48	16
48	26
48	95
48	100
48	311
48	395
48	867
48	341
49	10
49	14
49	134
50	2
50	3
50	5
50	6
50	8
50	11
50	38
50	382
50	84
50	300
50	388
50	872
50	375
51	658
51	283
52	276
52	874
53	12
53	51
53	772
53	796
54	5
54	33
55	0
55	546
55	624
56	2
56	3
56	5
56	38
56	45
56	390
57	5
57	302
58	2
58	6
58	23
58	38
58	283
58	661
58	126
58	800
59	0
59	35
60	861
60	894
61	0
61	3
61	38
61	546
61	624
63	5
63	23
63	283
63	660
66	2
66	3
66	8
66	10
66	14
66	26
66	38
66	600
66	330
66	404
67	155
67	807
68	10
68	11
68	14
68	28
68	347
69	15
69	636
69	902
70	5
70	643
70	288
70	291
71	8
71	18
71	378
71	67
71	748
71	741
72	0
72	605
72	609
74	6
74	848
74	111
77	82
78	10
78	11
78	14
78	52
78	338
80	2
80	5
80	38
80	290
80	401
81	5
81	11
81	14
81	98
82	5
82	317
83	5
83	273
84	5
84	6
84	30
84	50
84	938
84	186
84	369
85	57
85	93
87	0
87	10
87	14
87	286
87	681
88	5
88	6
88	88
89	5
89	274
93	5
93	82
93	127
95	22
95	46
95	48
95	61
97	923
100	0
100	8
100	956
103	3
103	22
103	38
103	46
103	48
103	549
104	3
104	8
104	38
104	547
105	5
105	297
105	300
105	320
106	19
106	253
107	637
107	923
107	107
107	639
107	129
107	981
108	2
108	19
108	106
109	11
109	19
109	125
110	10
110	270
110	835
110	647
113	62
113	113
113	176
114	101
114	114
114	194
114	233
115	44
115	47
115	57
115	206
116	10
116	14
116	352
117	5
117	105
119	2
119	3
119	38
119	102
125	2
125	38
125	136
126	10
126	14
126	17
126	283
126	63
126	108
127	12
127	770
127	317
127	204
130	77
130	82
130	130
131	2
131	5
131	38
131	47
131	643
131	288
131	1056
131	313
138	21
138	138
144	21
145	0
145	1099
147	12
147	150
150	137
150	147
151	11
151	149
155	25
155	48
160	3
160	10
160	38
160	561
160	1184
163	5
163	204
165	8
165	11
165	49
166	12
166	829
167	197
170	11
170	136
174	8
174	178
175	15
175	701
177	6
177	60
179	12
179	828
182	101
182	182
186	5
186	6
186	17
186	190
190	5
190	6
190	346
191	283
191	663
192	6
192	1076
196	145
196	193
197	1337
198	8
198	11
198	202
200	3
200	38
200	548
201	2
201	38
201	168
204	6
204	858
204	859
204	664
206	21
206	57
207	57
207	206
214	16
214	936
216	2
216	49
218	1390
218	1391
220	378
220	916
220	392
222	57
222	222
225	0
225	3
225	8
225	26
225	470
226	3
226	38
226	562
230	76
230	92
230	230
232	8
232	1441
234	145
234	150
245	20
245	766
256	20
256	767
257	2
257	38
257	427
263	38
263	1552
267	267
267	1
267	5
267	6
267	7
267	8
267	10
267	268
267	14
267	269
267	17
267	23
267	24
267	270
267	271
267	272
267	29
267	273
267	274
267	33
267	275
267	276
267	277
267	278
267	38
267	279
267	280
267	40
267	281
267	45
267	282
267	283
267	284
267	285
267	63
267	68
267	286
267	74
267	287
267	288
267	289
267	83
267	84
267	290
267	88
267	291
267	292
267	293
267	104
267	294
267	295
267	296
267	297
267	105
267	298
267	299
267	300
267	110
267	301
267	302
267	303
267	304
267	305
267	306
267	307
267	308
267	309
267	310
267	127
267	311
267	134
267	312
267	313
267	314
267	315
267	316
267	317
267	318
267	319
267	320
267	321
267	322
267	323
267	324
267	325
267	326
267	327
267	328
267	329
267	330
267	331
267	332
267	333
267	334
267	335
267	336
267	337
267	338
267	339
267	340
267	341
267	342
267	343
267	344
267	345
267	346
267	347
267	348
267	349
267	350
267	175
267	351
267	352
267	353
267	354
267	355
267	356
267	357
267	358
267	359
267	189
267	190
267	360
267	361
267	362
267	204
267	363
267	218
267	364
267	365
267	366
267	367
267	368
267	369
267	370
267	371
267	372
267	373
267	374
267	375
267	376
267	377
269	5
269	6
269	7
269	280
269	724
269	548
269	725
269	726
269	727
269	722
269	728
269	729
269	730
269	173
269	731
269	732
269	733
269	734
269	735
269	736
269	737
269	738
269	739
269	657
269	740
270	7
270	19
270	20
270	724
270	763
270	594
270	647
271	6
271	10
271	14
271	23
271	272
271	30
271	277
271	642
271	646
271	151
271	800
271	358
272	5
272	10
272	12
272	23
272	272
272	54
273	6
273	830
273	83
273	831
274	6
274	89
275	1
275	5
275	6
275	10
275	14
275	16
275	17
275	33
275	659
275	63
275	68
275	74
275	294
275	325
275	190
276	5
276	6
276	8
276	16
276	282
276	143
276	339
276	844
276	754
276	845
277	6
277	847
277	192
278	5
278	6
278	10
278	12
278	17
278	768
278	793
278	272
278	769
278	33
278	277
279	6
279	277
279	40
279	642
279	281
279	643
279	291
279	294
279	646
279	313
279	334
280	7
280	8
280	269
280	855
280	856
281	3
281	12
281	38
281	40
281	770
281	557
282	0
282	14
282	283
282	547
282	873
282	875
282	876
284	10
284	883
284	884
284	885
284	886
284	842
284	887
284	888
284	889
285	10
285	789
285	277
285	40
285	281
285	288
285	291
285	294
285	313
285	334
286	3
286	7
286	8
286	38
286	87
286	468
286	841
286	566
287	10
287	272
288	5
288	285
288	103
289	7
289	8
289	856
289	929
290	939
291	40
291	952
291	204
292	10
292	789
292	277
292	295
293	15
293	298
294	7
294	725
295	5
295	23
295	292
295	103
296	5
296	304
297	5
297	296
300	2
300	3
300	38
300	388
301	38
301	50
301	84
301	186
302	10
302	769
303	10
303	789
304	10
304	789
305	10
305	105
308	6
308	13
311	5
311	6
311	29
313	3
313	281
314	6
314	78
315	5
315	316
316	5
316	6
316	8
316	284
317	3
317	38
317	557
317	204
318	80
318	596
320	5
320	12
320	103
320	305
321	860
324	677
324	678
327	50
327	938
336	459
336	471
336	476
343	6
343	847
348	833
348	790
351	5
351	6
351	50
351	351
351	1260
353	50
353	186
356	10
356	143
357	280
357	657
360	10
360	143
361	790
361	191
363	5
363	364
369	5
369	6
369	370
371	14
371	379
372	14
372	269
377	15
377	299
378	2
378	32
378	72
379	3
379	7
379	554
379	468
379	731
379	868
379	869
379	870
379	871
381	29
381	83
382	3
382	667
382	34
382	50
382	297
382	300
382	897
382	301
382	139
384	8
384	276
384	722
384	749
384	896
384	944
384	937
384	945
385	2
385	8
385	379
386	682
386	790
386	791
386	985
386	498
387	0
387	3
387	38
387	340
387	403
389	7
389	8
389	20
389	669
389	468
389	764
389	945
390	2
390	38
390	91
399	1117
400	8
400	785
402	383
402	402
410	2
410	8
410	409
412	2
412	38
412	188
423	2
423	8
423	38
423	379
423	161
424	1
424	432
424	435
424	446
427	379
427	649
431	0
431	459
431	8
431	38
431	597
431	492
435	1128
435	1129
437	2
437	38
437	430
438	11
438	19
438	184
439	0
439	1
439	459
439	454
441	15
441	706
442	0
442	1
442	431
442	1418
450	0
450	459
450	503
453	1392
453	1393
454	0
454	2
454	459
454	410
455	0
455	1537
456	0
456	1
456	457
458	2
458	38
458	429
459	3
459	4
459	8
459	11
459	16
459	269
459	18
459	22
459	24
459	26
459	275
459	38
459	281
459	381
459	546
459	382
459	71
459	80
459	547
459	290
459	548
459	102
459	549
459	550
459	300
459	387
459	301
459	388
459	390
459	551
459	552
459	128
459	393
459	553
459	135
459	554
459	555
459	398
459	556
459	557
459	149
459	558
459	470
459	559
459	560
459	561
459	562
459	340
459	563
459	345
459	403
459	173
459	564
459	404
459	354
459	565
459	408
459	199
459	566
459	567
459	568
459	569
459	411
459	203
459	570
459	413
459	414
459	571
459	572
459	494
459	573
459	574
459	575
459	576
459	577
459	578
459	579
459	580
459	581
459	425
459	582
459	583
459	584
459	507
459	585
459	586
459	587
460	2
460	23
460	38
460	399
460	965
461	12
461	15
461	699
461	774
462	124
462	1015
463	0
463	459
463	588
463	466
464	8
464	10
464	14
464	289
464	1057
466	1086
466	1087
468	667
468	897
470	0
470	8
470	26
470	461
471	10
471	14
471	336
476	3
476	580
477	0
477	644
478	0
478	3
478	459
478	8
478	38
478	490
478	584
481	7
481	468
481	738
481	673
490	15
490	700
490	1374
493	10
493	14
493	377
494	8
494	26
494	470
497	15
497	711
499	15
499	713
501	0
501	459
501	508
505	0
505	459
505	506
506	0
506	459
506	507
508	8
508	26
508	626
509	0
509	459
509	510
510	0
510	459
510	511
511	0
511	459
511	512
512	0
512	459
512	501
512	513
515	459
515	516
527	811
528	812
528	813
529	816
529	817
530	814
530	815
533	818
534	819
541	805
541	824
542	821
543	805
543	823
545	810
545	826
546	0
546	18
546	275
546	38
546	43
546	46
546	61
546	895
546	217
547	5
547	858
547	318
547	843
549	5
549	12
549	23
549	54
549	103
549	180
549	183
550	0
550	269
550	912
550	548
555	0
555	459
555	8
555	26
555	470
555	616
557	104
560	0
560	459
560	515
562	0
562	8
562	26
562	625
570	8
570	18
581	16
581	565
581	844
588	0
588	1
588	4
588	8
588	20
588	380
588	65
588	762
588	763
588	124
588	669
588	764
588	670
588	765
588	241
588	766
588	767
588	631
589	16
589	25
589	803
590	846
590	882
590	386
591	5
591	333
595	8
595	26
595	606
599	0
599	603
600	2
600	3
600	38
600	408
601	8
601	1175
603	5
603	6
603	1193
603	38
603	175
604	1224
606	1264
614	15
614	712
616	0
616	459
616	12
616	15
616	461
616	714
616	782
617	3
617	12
617	38
617	585
617	780
618	0
618	8
618	26
618	601
619	1445
622	2
622	3
622	38
622	425
626	0
626	8
626	26
626	627
627	8
627	1520
628	8
628	26
628	630
629	1521
630	1522
632	38
632	1525
636	10
636	14
636	15
636	327
636	694
637	10
637	768
637	306
637	127
638	12
638	637
638	923
638	638
639	12
639	107
639	639
641	3
641	149
642	7
642	749
642	729
643	5
643	279
644	8
644	50
644	139
644	896
647	3
647	7
647	38
647	110
647	564
649	7
649	258
657	5
657	6
657	357
658	0
658	873
661	2
661	19
661	108
662	6
662	40
662	380
662	877
662	204
664	6
664	380
664	877
664	204
667	0
667	459
667	8
667	380
667	668
667	669
667	554
667	468
667	472
667	670
667	563
667	671
667	672
667	673
667	566
667	567
667	568
667	569
667	674
667	675
667	676
669	200
670	5
670	6
670	344
672	229
673	459
673	481
674	210
676	264
677	10
677	15
677	695
677	842
677	703
682	0
682	267
682	8
682	15
682	636
682	39
682	683
682	298
682	299
682	684
682	685
682	686
682	599
682	687
682	688
682	689
682	690
682	691
682	692
682	693
682	694
682	695
682	696
682	697
682	698
682	699
682	700
682	701
682	702
682	703
682	704
682	705
682	706
682	707
682	708
682	709
682	710
682	422
682	711
682	712
682	713
682	714
682	715
682	716
682	717
682	718
682	719
682	251
682	720
686	5
686	6
686	321
687	683
687	891
687	959
689	15
689	720
692	2
692	38
692	422
701	0
701	459
701	505
711	0
711	614
712	0
712	459
712	498
713	0
713	459
713	500
720	15
720	684
721	7
721	10
721	14
721	16
721	17
721	25
721	312
721	173
725	978
726	5
726	354
727	22
727	46
727	48
727	549
727	1079
727	963
732	8
732	794
732	573
740	0
740	1457
741	2
741	3
741	11
741	38
741	71
741	1343
744	22
744	27
745	8
745	442
746	8
746	937
748	3
748	38
748	345
750	8
750	431
750	181
751	3
751	38
751	354
753	8
753	944
754	276
754	749
763	7
763	110
763	647
764	172
766	239
768	0
768	2
768	12
768	769
768	38
768	44
768	73
768	638
768	770
768	639
768	771
768	679
768	772
768	773
768	774
768	775
768	776
768	777
768	778
768	779
768	780
768	781
768	782
769	12
769	150
769	179
769	828
769	829
770	6
770	144
773	127
773	163
778	1490
778	1491
783	0
783	20
783	631
784	0
784	23
784	399
784	863
784	864
784	865
784	866
785	11
785	382
785	872
789	10
789	15
789	789
789	693
790	0
790	880
791	2
791	38
791	882
791	386
792	11
792	26
792	52
792	69
792	867
793	12
793	51
793	794
793	795
793	796
793	797
793	798
793	799
794	7
794	855
794	732
794	931
794	231
794	932
794	933
794	934
794	935
797	22
797	231
798	5
798	6
798	367
799	5
799	6
799	368
800	14
800	790
801	8
801	9
801	802
806	17
806	221
824	805
824	822
828	156
828	179
829	156
829	166
830	6
830	14
831	8
831	942
831	100
831	755
833	8
833	10
833	14
833	37
833	41
833	834
833	324
835	861
835	894
835	862
836	861
836	975
836	1017
837	861
837	1292
837	932
838	861
838	914
839	10
839	14
839	350
844	16
844	276
844	722
844	874
845	276
845	858
846	0
846	2
846	38
846	593
846	397
846	610
847	6
847	947
848	10
848	14
848	348
849	10
849	11
849	14
849	17
849	745
849	850
849	851
849	349
850	0
850	459
850	10
850	14
850	307
850	464
853	8
853	10
853	11
853	14
853	17
853	854
853	464
853	750
853	332
854	0
854	1
854	11
854	19
854	438
854	181
855	8
855	794
855	552
855	573
855	574
855	575
855	576
855	577
855	578
855	579
859	6
859	192
863	23
863	863
865	23
865	866
867	11
867	16
867	69
868	791
868	985
869	468
869	674
872	2
872	38
872	400
874	587
875	40
875	282
875	858
875	859
875	845
877	2
877	3
877	8
877	276
877	38
877	40
877	380
877	282
877	80
877	858
877	290
877	859
877	878
877	583
878	0
878	839
878	840
879	5
879	282
881	10
881	14
881	17
881	746
881	323
882	0
882	590
883	10
883	884
884	10
884	886
884	164
884	969
884	970
884	971
885	976
886	459
886	10
886	38
886	885
886	463
886	996
886	889
889	10
889	887
889	888
890	11
890	19
890	683
890	891
890	119
891	683
891	959
891	960
891	961
892	10
892	14
892	15
892	688
892	337
893	7
893	669
893	468
893	739
894	5
894	12
894	795
894	359
897	3
897	38
897	382
898	899
898	900
899	0
899	152
899	605
901	0
901	2
901	3
901	8
901	16
901	269
901	24
901	589
901	38
901	790
903	4
903	10
903	20
903	124
903	904
903	905
904	8
904	1414
906	55
906	110
907	0
907	5
907	6
907	269
907	24
907	908
907	909
908	0
908	2
908	3
908	8
908	18
908	26
908	589
908	38
908	909
908	570
910	19
910	589
911	10
911	371
912	0
912	880
913	861
913	914
915	2
915	8
915	794
915	552
915	391
916	917
916	918
916	919
920	10
920	14
920	17
920	644
920	329
921	2
921	16
921	38
922	0
922	2
922	3
922	459
922	38
922	398
922	487
922	488
923	93
924	19
924	25
924	35
925	5
925	297
926	11
926	19
926	35
927	0
927	459
927	520
927	521
927	522
927	523
927	524
927	525
928	2
928	8
928	269
928	38
928	39
929	1493
930	2
930	378
930	38
931	3
931	794
931	797
931	578
933	932
933	934
936	2
936	3
936	26
936	38
936	237
940	11
940	105
941	11
941	32
942	9
942	943
946	5
946	268
947	0
947	16
947	17
947	659
947	948
947	949
948	0
948	8
948	745
949	8
949	16
949	223
950	5
950	104
951	2
951	3
951	5
951	38
951	387
951	314
952	6
952	784
953	0
953	459
953	482
954	5
954	6
954	8
954	17
954	280
954	74
954	852
954	344
954	357
955	26
955	69
957	5
957	6
957	38
957	175
958	5
958	309
960	11
960	19
960	216
962	22
962	46
962	48
962	549
962	917
962	963
964	2
964	8
964	38
964	389
964	945
966	0
966	5
966	643
966	288
966	294
966	967
967	0
967	967
968	19
968	592
968	111
972	10
972	15
972	836
972	689
972	973
973	972
973	1098
974	10
974	14
974	270
975	79
975	110
976	10
976	1443
977	8
977	438
978	10
978	793
979	5
979	288
980	5
980	295
982	11
982	19
982	96
983	14
983	276
984	7
984	11
984	19
984	201
984	733
985	554
985	868
986	10
986	14
986	17
986	747
986	342
986	753
987	3
987	5
987	550
987	315
988	165
989	0
989	990
989	476
990	11
990	141
991	2
991	392
992	17
992	22
992	37
992	726
992	751
993	994
995	6
995	380
995	859
995	94
996	459
996	10
996	463
997	0
997	839
997	878
998	0
998	1
998	3
998	459
998	4
998	38
998	203
998	440
998	484
999	2
999	38
999	39
1000	3
1000	459
1000	4
1000	135
1000	485
1001	11
1001	99
1002	10
1002	14
1002	299
1003	6
1003	23
1003	643
1003	646
1004	11
1004	16
1004	159
1005	5
1005	343
1006	0
1006	459
1006	8
1006	26
1006	555
1006	494
1006	856
1006	514
1007	10
1007	14
1007	134
1008	12
1008	776
1009	5
1009	310
1010	0
1010	459
1010	483
1011	11
1011	16
1011	48
1011	69
1011	792
1012	11
1012	211
1013	1014
1013	1015
1015	46
1015	917
1016	0
1016	1
1016	434
1018	2
1018	3
1018	128
1019	2
1019	7
1019	384
1019	722
1019	749
1019	896
1019	944
1019	937
1019	945
1020	7
1020	788
1021	0
1021	3
1021	459
1021	560
1021	1022
1021	516
1023	2
1023	401
1024	2
1024	8
1024	11
1024	38
1024	100
1024	1025
1024	212
1026	282
1027	6
1027	53
1028	7
1028	468
1028	672
1028	896
1029	0
1029	277
1029	80
1030	19
1030	612
1030	1031
1032	3
1032	38
1032	551
1033	0
1033	594
1034	5
1034	12
1034	861
1034	975
1034	110
1034	179
1035	0
1035	666
1036	1037
1037	8
1037	27
1038	45
1038	55
1039	267
1039	634
1040	10
1040	789
1041	6
1041	277
1041	112
1042	4
1042	19
1043	5
1043	54
1043	103
1043	303
1044	11
1044	19
1044	96
1045	59
1045	114
1046	11
1046	32
1047	3
1047	553
1047	1048
1049	2
1049	3
1049	38
1049	393
1050	5
1050	643
1050	288
1050	334
1051	1052
1053	1054
1055	10
1055	14
1055	332
1058	0
1058	8
1058	849
1059	0
1059	459
1059	527
1059	528
1060	134
1060	157
1061	668
1061	468
1062	0
1062	1063
1062	1064
1062	1065
1066	15
1066	693
1067	1
1067	10
1067	14
1067	17
1068	11
1068	117
1069	5
1069	7
1070	459
1070	16
1070	477
1070	844
1071	459
1071	473
1072	198
1073	269
1073	648
1074	5
1074	6
1074	300
1075	459
1075	465
1076	0
1076	1077
1078	0
1078	1
1078	459
1078	480
1078	832
1078	441
1079	6
1079	22
1079	26
1079	1388
1080	1
1080	433
1081	17
1081	401
1082	8
1082	598
1083	7
1083	468
1083	671
1083	944
1084	8
1084	15
1084	692
1084	1085
1085	0
1085	8
1085	636
1085	599
1085	705
1086	459
1086	30
1086	478
1088	3
1088	559
1089	8
1089	26
1089	607
1090	0
1090	1091
1092	686
1092	698
1093	380
1093	390
1094	17
1094	752
1095	8
1095	51
1095	283
1095	592
1096	846
1096	882
1097	972
1097	1098
1100	0
1100	3
1100	548
1100	669
1101	2
1101	38
1101	146
1101	786
1102	6
1102	36
1103	6
1103	121
1104	1105
1106	6
1106	281
1106	60
1107	267
1107	283
1107	651
1107	635
1108	10
1108	837
1109	2
1109	385
1110	1111
1111	3
1111	4
1111	38
1111	199
1112	8
1112	10
1112	14
1112	293
1112	1113
1114	267
1114	633
1115	17
1115	721
1115	385
1116	6
1116	177
1117	459
1117	460
1118	0
1118	459
1118	479
1119	15
1119	697
1120	10
1120	905
1121	45
1121	79
1122	57
1122	60
1122	115
1123	6
1123	185
1124	3
1124	552
1125	5
1125	189
1126	0
1126	8
1126	878
1127	804
1127	806
1129	0
1129	779
1130	5
1130	319
1131	0
1131	761
1132	0
1132	8
1133	0
1133	665
1134	8
1134	852
1135	7
1135	728
1136	0
1136	459
1136	469
1137	0
1137	459
1137	10
1137	14
1137	298
1137	493
1138	12
1138	771
1139	0
1139	22
1139	61
1139	217
1139	1079
1140	0
1140	459
1140	474
1141	0
1141	459
1141	608
1141	531
1141	532
1142	0
1142	605
1142	613
1143	5
1143	331
1144	3
1144	558
1145	47
1145	57
1145	115
1145	207
1146	10
1146	14
1146	312
1147	10
1147	14
1147	324
1148	10
1148	14
1148	347
1148	374
1149	10
1149	14
1149	335
1150	10
1150	14
1150	341
1151	10
1151	14
1151	325
1151	373
1152	10
1152	14
1152	326
1153	10
1153	14
1153	337
1154	10
1154	14
1154	342
1155	10
1155	14
1155	323
1156	10
1156	14
1156	322
1157	10
1157	14
1157	327
1157	362
1158	10
1158	14
1158	349
1159	10
1159	14
1159	330
1160	10
1160	14
1160	328
1161	10
1161	14
1161	338
1162	10
1162	14
1162	350
1163	10
1163	14
1163	329
1164	11
1164	19
1164	259
1165	62
1166	8
1166	1167
1167	654
1168	7
1168	871
1169	93
1169	152
1170	917
1170	918
1170	919
1171	3
1171	7
1171	38
1171	468
1171	563
1171	735
1172	5
1172	6
1172	17
1173	11
1173	19
1173	118
1174	3
1174	7
1174	38
1174	468
1174	737
1174	569
1175	8
1175	26
1175	595
1175	619
1176	7
1176	1177
1178	0
1178	459
1178	496
1179	1180
1181	64
1181	250
1182	1183
1184	153
1184	160
1185	2
1185	3
1185	38
1185	414
1186	1187
1188	100
1188	228
1189	1190
1189	1191
1192	10
1192	14
1192	352
1194	830
1194	831
1195	11
1195	174
1196	0
1196	43
1196	604
1197	0
1197	1198
1197	1199
1199	0
1199	459
1199	284
1200	3
1200	572
1200	1022
1201	100
1201	760
1202	15
1202	715
1203	15
1203	422
1204	1205
1206	174
1207	0
1207	269
1207	644
1207	1208
1209	0
1209	8
1209	743
1209	956
1210	8
1210	379
1211	19
1211	123
1211	162
1212	2
1212	38
1212	255
1213	3
1213	7
1213	38
1213	468
1213	1177
1213	734
1213	567
1214	19
1214	71
1215	3
1215	571
1215	1022
1216	655
1217	2
1217	38
1217	133
1218	11
1218	19
1218	620
1218	247
1219	223
1220	8
1220	975
1221	10
1221	167
1222	8
1222	18
1222	1223
1222	742
1224	0
1224	1000
1225	0
1225	459
1225	467
1226	32
1226	67
1227	23
1227	965
1228	7
1228	20
1228	468
1228	670
1228	937
1229	1027
1229	1230
1231	103
1231	183
1232	0
1232	152
1232	605
1232	609
1232	613
1233	2
1233	394
1234	1235
1234	214
1234	237
1235	214
1235	237
1236	0
1236	5
1236	6
1236	275
1236	283
1236	353
1237	1238
1239	36
1239	45
1240	7
1240	1241
1241	8
1241	10
1241	1269
1241	1270
1242	1190
1242	1191
1243	8
1243	9
1243	802
1243	1244
1243	943
1245	861
1245	1017
1246	8
1246	1247
1248	621
1249	7
1249	740
1250	8
1250	11
1250	1251
1251	17
1251	757
1252	15
1252	696
1253	0
1253	1254
1255	6
1255	135
1256	29
1256	90
1256	118
1257	109
1257	158
1258	0
1258	5
1258	6
1258	301
1259	12
1259	777
1261	10
1261	838
1262	1263
1263	187
1263	236
1265	1266
1267	10
1267	14
1267	355
1268	0
1268	3
1268	8
1268	26
1268	555
1268	617
1269	15
1269	685
1269	716
1270	15
1270	691
1271	0
1271	680
1272	1273
1274	0
1274	1275
1276	53
1276	1277
1278	197
1279	29
1279	169
1280	3
1280	11
1280	173
1281	2
1281	3
1281	38
1281	403
1282	16
1282	1283
1284	6
1284	60
1285	3
1285	556
1286	12
1286	775
1287	20
1287	65
1287	241
1288	1056
1288	313
1289	64
1289	116
1290	0
1290	1291
1292	861
1292	932
1293	8
1293	10
1293	904
1293	1269
1294	0
1294	1295
1296	1027
1296	1230
1297	103
1297	180
1298	0
1298	3
1298	644
1298	565
1298	581
1299	5
1299	356
1300	659
1300	283
1301	5
1301	14
1302	282
1302	89
1302	641
1302	1303
1304	8
1304	1305
1306	0
1306	459
1306	462
1307	17
1307	756
1308	0
1308	671
1309	0
1309	2
1309	38
1309	1208
1309	406
1310	15
1310	702
1311	0
1311	277
1311	640
1312	636
1312	902
1313	10
1313	793
1314	15
1314	704
1315	0
1315	1
1315	459
1315	439
1316	23
1316	864
1316	865
1317	28
1317	148
1318	5
1318	360
1319	8
1319	208
1319	209
1320	3
1320	573
1321	3
1321	576
1322	3
1322	575
1323	622
1324	3
1324	579
1325	51
1325	931
1325	195
1325	231
1326	0
1326	275
1326	752
1326	213
1327	0
1327	150
1327	156
1327	1099
1328	5
1328	6
1328	8
1328	346
1328	361
1329	468
1329	675
1330	0
1330	1331
1332	12
1332	798
1333	0
1333	1334
1333	1335
1333	227
1336	10
1336	227
1337	191
1337	213
1338	156
1338	196
1339	861
1339	1292
1340	199
1341	1342
1342	21
1342	224
1344	8
1344	15
1344	707
1344	1345
1345	0
1345	459
1345	497
1346	2
1346	8
1346	794
1346	419
1346	578
1347	653
1348	0
1348	566
1349	0
1349	567
1350	0
1350	563
1351	0
1351	568
1352	0
1352	569
1353	0
1353	673
1354	3
1354	7
1354	38
1354	468
1354	736
1354	568
1355	2
1355	3
1355	38
1355	411
1356	11
1356	19
1356	122
1357	6
1357	10
1357	14
1357	15
1357	362
1357	710
1357	218
1358	7
1358	869
1359	7
1359	787
1360	0
1360	381
1360	809
1361	0
1361	623
1362	6
1362	85
1363	57
1363	131
1364	57
1364	70
1365	56
1365	57
1365	156
1366	82
1366	205
1367	762
1367	1368
1368	1369
1369	762
1369	1372
1370	0
1370	459
1370	486
1370	489
1371	8
1371	10
1371	1184
1371	1270
1372	0
1372	588
1372	611
1373	20
1373	762
1373	765
1375	2
1375	412
1376	0
1376	675
1377	0
1377	459
1377	491
1378	7
1378	870
1379	2
1379	3
1379	38
1379	413
1380	15
1380	709
1381	657
1382	4
1382	1383
1384	2
1384	415
1385	2
1385	38
1385	215
1386	459
1386	495
1387	0
1387	554
1388	11
1388	16
1388	219
1389	9
1389	1244
1390	81
1390	219
1391	1392
1391	1393
1392	1390
1392	1391
1394	10
1394	363
1395	22
1395	1388
1396	26
1396	1388
1397	6
1397	1388
1398	97
1398	220
1399	11
1399	154
1400	11
1400	100
1401	221
1402	2
1402	8
1402	794
1402	407
1402	574
1403	3
1403	574
1404	2
1404	8
1404	794
1404	416
1404	575
1405	2
1405	8
1405	794
1405	417
1405	576
1406	2
1406	8
1406	794
1406	418
1406	577
1407	3
1407	577
1408	2
1408	8
1408	794
1408	420
1408	579
1409	2
1409	421
1410	8
1410	1411
1412	1223
1412	1413
1415	0
1415	459
1415	499
1416	2
1416	395
1417	21
1417	31
1417	42
1417	170
1419	53
1419	1277
1420	5
1420	6
1420	366
1421	12
1421	799
1422	3
1422	4
1422	12
1422	18
1422	38
1422	225
1422	778
1422	582
1423	3
1423	38
1423	494
1424	3
1424	4
1424	12
1424	18
1424	38
1424	226
1424	586
1424	781
1425	8
1425	26
1425	562
1426	61
1426	895
1427	17
1427	26
1428	2
1428	38
1428	171
1429	17
1429	758
1430	0
1430	381
1430	808
1430	1431
1430	1432
1431	265
1432	266
1433	6
1433	189
1434	2
1434	38
1434	52
1435	2
1435	132
1436	0
1436	670
1437	2
1437	38
1437	423
1438	0
1438	3
1438	38
1438	747
1438	587
1439	933
1439	935
1440	6
1440	17
1440	759
1440	232
1442	11
1442	254
1443	0
1443	459
1443	509
1444	8
1444	26
1444	618
1446	1
1446	435
1446	449
1447	973
1448	57
1448	234
1449	2
1449	235
1450	5
1450	14
1451	723
1452	0
1452	459
1452	526
1453	899
1453	900
1454	8
1454	1455
1456	15
1456	717
1458	1223
1458	1413
1459	8
1459	1460
1461	2
1461	424
1462	95
1462	238
1463	656
1464	1128
1464	1129
1465	0
1465	1
1465	443
1466	269
1466	389
1467	239
1468	245
1469	2
1469	240
1470	0
1470	1
1470	444
1471	0
1471	459
1471	805
1471	502
1471	544
1471	825
1472	380
1472	928
1473	0
1473	1
1473	450
1474	0
1474	459
1474	468
1474	472
1475	0
1475	1
1475	442
1476	589
1476	602
1477	2
1477	38
1477	426
1478	0
1478	1
1478	445
1479	1
1479	432
1479	435
1479	445
1480	1
1480	432
1480	435
1480	424
1481	38
1481	1361
1481	1482
1483	269
1483	645
1484	0
1484	1
1484	448
1485	0
1485	1
1485	447
1486	960
1486	961
1487	0
1487	459
1487	536
1487	537
1487	538
1488	0
1488	623
1489	15
1489	718
1490	1492
1491	1492
1494	243
1495	142
1496	11
1496	75
1497	244
1498	642
1498	645
1499	0
1499	1
1499	588
1499	436
1499	783
1499	632
1500	0
1500	459
1500	518
1501	1054
1501	1031
1502	459
1502	517
1503	0
1503	459
1503	533
1503	534
1504	0
1504	459
1504	810
1504	545
1504	827
1505	0
1505	1
1505	451
1505	452
1505	453
1506	16
1506	248
1507	3
1507	38
1507	583
1508	5
1508	376
1509	30
1509	249
1510	0
1510	1198
1510	1199
1511	0
1511	1
1511	405
1512	6
1512	242
1513	30
1513	120
1514	15
1514	719
1515	15
1515	39
1515	251
1516	2
1516	38
1516	405
1517	8
1517	59
1517	252
1518	0
1518	459
1518	475
1519	3
1519	38
1519	507
1520	8
1520	26
1520	628
1520	629
1523	256
1524	459
1524	435
1524	504
1526	257
1527	257
1528	0
1528	588
1528	591
1529	875
1529	876
1530	1531
1532	59
1532	246
1533	0
1533	1
1533	428
1534	2
1534	38
1534	428
1535	18
1535	744
1536	0
1536	1
1536	455
1536	456
1538	0
1538	459
1538	519
1539	0
1539	459
1539	541
1539	542
1539	543
1540	0
1540	459
1540	529
1540	530
1541	0
1541	1
1541	458
1542	16
1542	260
1543	1544
1545	16
1545	261
1546	8
1546	1547
1548	0
1548	1
1548	437
1549	16
1549	262
1550	38
1550	1551
1551	263
1552	642
1552	650
1553	468
1553	676
1554	1555
1556	2
1556	38
1556	396
1557	0
1557	459
1557	535
1558	0
1558	459
1558	540
1559	1193
1559	38
1560	0
1560	459
1560	539
1560	820
